   0.0000000e+00   5.0328865e-02   7.6383507e-01   4.8729774e-01   4.6170153e-01   1.8352502e-01   4.2804749e-01   2.4686367e-01   2.7843372e-01   6.2264550e-01   2.1363599e-01   3.3753465e-02   0.0000000e+00   0.0000000e+00   7.7492318e-01   0.0000000e+00   2.3067941e-01   3.0726187e-02   3.6388937e-01   0.0000000e+00   0.0000000e+00   0.0000000e+00   3.7213155e-01   0.0000000e+00   1.6055212e-01   0.0000000e+00   7.4373800e-01   4.1948668e-01   0.0000000e+00   2.5315448e-02   0.0000000e+00   1.0000000e+00   1.0000000e+00
   8.5840949e-01   2.0804397e-03   1.1335489e-03   4.9062292e-03   3.1209173e-03   2.9655245e-02   1.0143251e-03   1.1648995e-03   1.7977715e-03   1.8420154e-03   2.0568759e-03   2.1700816e-03   4.3208099e-03   9.6940031e-04   5.3116798e-03   1.7874908e-03   6.5893920e-03   2.0122963e-03   4.7905842e-03   5.8821409e-02   3.9681310e-03   2.0797772e-03   4.4239899e-02   5.3879747e-03   6.7521769e-03   8.8605215e-04   2.4768727e-03   2.4759570e-03   3.3156451e-03   2.7772869e-03   8.5840949e-01  -6.7567308e-01   1.0000000e+00
   0.0000000e+00   0.0000000e+00   0.0000000e+00   0.0000000e+00   6.1365542e-04   4.5074823e-03   3.1186896e-04   0.0000000e+00   2.5180976e-04   5.0221805e-04   6.7798036e-07   0.0000000e+00   1.2236108e-03   1.8018091e-04   1.1600314e-03   0.0000000e+00   8.8945773e-04   4.3097475e-04   5.8350701e-04   6.4951004e-06   0.0000000e+00   3.3246037e-04   4.7251904e-03   0.0000000e+00   5.4713710e-04   2.1972202e-04   2.6290412e-04   0.0000000e+00   0.0000000e+00   2.8887144e-04   0.0000000e+00   1.0000000e+00   1.0000000e+00
   8.4483831e-01   2.5070893e-03   0.0000000e+00   4.9802744e-03   3.1001369e-03   2.3586017e-01   3.4860062e-03   5.2807394e-03   4.0883017e-03   1.2878688e-03   8.2116336e-04   1.3762865e-03   1.3071394e-02   0.0000000e+00   9.8005869e-03   1.5389193e-03   1.1112506e-03   0.0000000e+00   6.8389925e-03   1.6692054e-01   1.6112197e-02   1.3167895e-03   3.1411761e-01   6.8590855e-03   1.4026972e-02   4.6941981e-05   6.5999373e-03   4.3369181e-03   0.0000000e+00   4.0332046e-04   8.4483831e-01  -4.8369965e-01   1.0000000e+00
   6.5912411e-01   4.3931662e-04   9.1893813e-04   1.9508037e-03   1.3223698e-03   1.3905707e-02   4.1967564e-04   6.2242166e-04   2.7309205e-04   3.9199826e-04   9.6883110e-04   1.1596978e-03   2.5155164e-03   3.0748675e-04   2.3562304e-03   8.7024096e-04   6.3242854e-04   6.6455743e-04   2.8676334e-03   4.5888267e-03   7.0517609e-04   1.1601030e-03   2.1631424e-02   4.5109657e-04   2.9709960e-03   5.9405127e-04   1.1761971e-03   1.9882574e-03   2.8111783e-03   1.4118371e-03   6.5912411e-01  -4.2133239e-01   1.0000000e+00
   6.2282008e-01   6.7203430e-04   3.4678667e-04   2.7158030e-03   1.0895655e-03   8.5844982e-03   1.1034418e-03   2.9542666e-03   1.0551396e-03   5.9855303e-04   9.2859575e-04   5.3040183e-04   1.2483214e-03   2.9360017e-04   4.9886262e-03   7.8983122e-04   1.1219506e-03   7.5008603e-05   3.1409348e-03   1.2560483e-01   6.4094914e-03   1.0574767e-03   2.3584832e-02   1.4947751e-03   3.2735567e-03   7.5633971e-05   2.8863149e-03   1.1696342e-03   2.8311515e-04   1.0184748e-03   6.2282008e-01  -1.5129961e-01   1.0000000e+00
   4.4793833e-01   0.0000000e+00   4.4114071e-04   1.1719672e-03   1.0500939e-03   5.6721119e-04   0.0000000e+00   7.5418661e-05   5.2835351e-04   5.4519804e-04   0.0000000e+00   7.6637785e-04   6.7911248e-04   2.5473047e-04   2.7669833e-03   1.3697111e-04   3.1618083e-04   5.0398667e-04   7.5044824e-05   0.0000000e+00   5.6177505e-04   4.9312719e-04   0.0000000e+00   0.0000000e+00   1.0351090e-03   0.0000000e+00   8.4118754e-04   8.2939313e-04   5.6190806e-04   5.1542851e-04   4.4793833e-01  -1.1272559e-01   1.0000000e+00
   2.5648519e-01   2.2765619e-04   4.8472348e-04   1.3228295e-03   5.0219271e-04   2.4208156e-03   1.6459002e-04   8.6007959e-05   2.4761419e-04   3.0392802e-04   5.6325577e-04   7.7634313e-04   1.2357252e-03   1.1546088e-04   2.5428664e-04   4.2257654e-04   4.8846082e-04   7.5284242e-05   7.9279314e-04   1.0252865e-03   3.0102121e-04   2.9860863e-04   4.5215115e-03   6.7165844e-04   8.0167013e-04   3.3457530e-05   3.0914649e-04   1.0905485e-04   1.1644665e-03   7.3952373e-04   2.5648519e-01   2.4556110e-01   1.0000000e+00
   4.1015958e-01   5.0050280e-05   3.1109872e-04   1.4246862e-03   3.1252119e-04   3.4007958e-03   1.1172735e-03   2.1472628e-03   1.4837193e-03   1.2994094e-05   9.4051855e-04   4.2194408e-04   1.3267924e-03   4.0845508e-04   1.0788822e-03   1.0798353e-03   1.5665426e-03   6.6560487e-04   1.5274181e-03   2.8042435e-03   6.6423163e-04   9.5774517e-04   4.2445698e-03   4.5829318e-04   4.2809354e-04   1.3880941e-04   4.5700557e-04   4.2063422e-04   2.2616401e-03   6.8774240e-04   4.1015958e-01   2.3539440e-01   1.0000000e+00
   1.8273480e-01   3.5958666e-05   5.8919956e-04   1.6807553e-03   4.4813588e-04   1.4492046e-03   1.6743338e-04   1.8605296e-03   1.6626013e-03   2.3512327e-03   8.4217881e-04   4.9942442e-04   2.5641249e-03   5.6487254e-05   7.7507075e-04   1.7196845e-04   1.8987093e-03   5.2571613e-04   1.0087379e-03   1.5880357e-03   6.3814643e-04   1.3012256e-04   6.8160342e-04   9.9990257e-05   3.1973497e-04   7.4586008e-05   6.1778646e-05   5.3582726e-04   4.1483385e-04   4.3012355e-04   1.8273480e-01   6.6772154e-01   1.0000000e+00
   8.2551412e-02   2.8551211e-05   1.4187718e-04   1.6470115e-03   7.4564113e-04   9.5441356e-04   3.9074599e-04   1.2213729e-04   3.8649552e-04   1.2978055e-03   1.9771370e-04   2.7596889e-04   1.6248014e-04   2.2941271e-04   8.3691965e-04   8.0950479e-05   1.7464081e-04   8.0306704e-05   4.3392170e-05   2.7639200e-04   1.6329242e-04   6.1939254e-04   6.7686148e-04   8.4161003e-05   1.4789640e-04   2.5845150e-04   9.0444882e-05   2.0574124e-04   6.7644445e-04   1.4993500e-04   8.2551412e-02   6.7030704e-01   1.0000000e+00
   6.2333335e-01   4.5241174e-05   1.0179416e-03   6.1234144e-04   0.0000000e+00   9.9021949e-03   8.6990509e-04   0.0000000e+00   2.5264160e-04   0.0000000e+00   0.0000000e+00   1.0709833e-03   1.3584773e-03   7.1772183e-04   1.3105446e-03   0.0000000e+00   2.4244774e-03   1.0927451e-03   5.3209559e-03   6.3655475e-03   5.7038416e-04   0.0000000e+00   4.0237047e-03   7.7663316e-04   0.0000000e+00   0.0000000e+00   6.1906237e-04   2.0532652e-04   0.0000000e+00   1.5900623e-03   6.2333335e-01  -1.9660064e-01   1.0000000e+00
   6.2846994e-01   2.8054825e-04   1.1817622e-03   1.3985097e-03   1.1561240e-03   1.5240554e-02   1.6526913e-03   1.7514692e-03   6.1062232e-04   1.7835257e-03   1.2095050e-03   2.1791748e-03   6.1638114e-04   8.6101538e-04   2.5555897e-03   7.3831306e-04   2.4525885e-03   1.0364363e-03   5.7363943e-03   9.2368190e-03   6.8227723e-04   8.1809123e-04   4.0703430e-03   1.0560410e-03   2.9759369e-03   4.6836132e-04   4.4167694e-04   1.5121378e-03   3.5837350e-03   5.2239336e-03   6.2846994e-01  -2.6330835e-01   1.0000000e+00
   6.5606281e-01   2.0699764e-03   3.0226381e-04   3.3224722e-03   2.0109607e-03   1.3072865e-02   1.1954873e-03   5.1486529e-03   2.4752855e-03   2.2349819e-03   9.8281594e-04   1.2977217e-03   3.4767375e-03   0.0000000e+00   8.2095854e-03   8.1235100e-04   1.1210403e-03   8.3915257e-05   5.0914250e-03   1.3458720e-01   8.5677174e-03   3.5331548e-04   6.0196470e-02   6.3142815e-03   8.5434283e-03   5.4126360e-05   4.8482440e-03   3.4298807e-03   7.8648678e-04   2.5355115e-04   6.5606281e-01  -3.6938308e-01   1.0000000e+00
   6.3862727e-01   1.3087749e-03   8.6754235e-04   3.7618325e-03   2.7322059e-03   1.2892614e-02   1.0134043e-03   1.0279624e-03   1.7234142e-03   1.5052114e-03   1.5480410e-03   2.0718801e-03   3.3724120e-03   8.6577714e-04   4.0086604e-03   1.7696901e-03   3.0600966e-03   1.8584887e-03   4.6969290e-03   5.5640574e-02   3.8010374e-03   1.6379021e-03   4.3836690e-02   5.3699659e-03   4.2406691e-03   7.1173177e-04   2.1333394e-03   1.9313634e-03   3.1035310e-03   2.3995357e-03   6.3862727e-01  -3.4579509e-01   1.0000000e+00
   6.3224846e-01   1.3400584e-03   1.5763886e-03   1.9449225e-03   2.8415586e-03   2.0445628e-02   2.1831151e-03   2.1078740e-03   1.9141183e-03   1.0483515e-03   1.2474197e-03   2.3601199e-03   4.8951170e-03   1.2480151e-03   5.7399607e-03   8.2964388e-04   4.2911707e-03   1.3817844e-03   6.3161239e-03   1.1260843e-02   9.8331449e-04   2.1886115e-03   1.1229813e-02   1.2390804e-03   4.2146133e-03   9.7770706e-04   1.5980635e-03   1.7886368e-03   5.8330322e-03   5.8438682e-03   6.3224846e-01  -3.0041331e-01   1.0000000e+00
   6.3389151e-01   8.9675280e-04   1.4177059e-03   2.1036373e-03   1.2558092e-03   2.5033634e-03   1.3992764e-02   1.7148404e-03   2.2364714e-03   8.0939599e-04   1.6646075e-03   1.7438925e-03   7.6641111e-04   1.2296302e-03   1.3409524e-03   8.4316028e-04   1.7998835e-03   1.4497024e-03   2.5895827e-03   8.7131862e-03   8.1446869e-04   1.2918009e-03   5.5493024e-03   8.0245487e-04   4.0007377e-03   3.9241021e-04   7.7674967e-03   1.0459495e-03   2.5031767e-03   7.6383523e-04   6.3389151e-01  -3.2917653e-01   1.0000000e+00
   2.3454625e-01   7.6117706e-04   1.8250457e-04   2.3849983e-04   6.7822132e-04   6.9920279e-05   2.6024007e-04   1.2128235e-03   0.0000000e+00   1.0709657e-03   1.6426462e-04   7.9959651e-05   1.5752381e-03   1.9736543e-04   1.6333197e-03   2.1596042e-04   3.4826756e-04   1.5149818e-04   3.7703640e-04   4.7137609e-04   8.8094122e-04   8.1675060e-04   2.1611349e-02   3.3257782e-04   1.5834936e-03   1.4371212e-04   8.0110154e-04   7.6190744e-04   7.6742600e-04   2.8434450e-04   2.3454625e-01   3.1346084e-01   1.0000000e+00
   1.9538580e-01   7.3215534e-05   6.5240371e-04   7.8254763e-05   4.4554443e-05   6.7100386e-05   5.5224033e-04   3.1810820e-04   1.6838829e-04   7.6874918e-04   7.7593034e-05   4.0772955e-04   1.2395377e-03   1.0146902e-04   9.3413203e-04   3.5169164e-04   0.0000000e+00   1.8923409e-03   2.1356475e-05   2.0648919e-05   2.9681750e-04   3.1575615e-04   4.4096515e-03   1.4661506e-03   1.1858550e-03   3.2420098e-05   7.7359255e-04   1.3306282e-04   1.2297775e-03   8.5159707e-04   1.9538580e-01   5.8729952e-01   1.0000000e+00
   4.3626424e-01   3.6011583e-05   3.8664466e-04   1.3700741e-03   3.1972651e-04   3.1810179e-03   5.9279239e-04   1.2058205e-03   1.2113105e-03   1.0276718e-04   6.1643689e-04   5.3765618e-04   9.4531298e-04   2.9048791e-04   2.2019888e-03   5.9749872e-04   8.3277959e-04   6.1981484e-04   1.4181906e-03   7.1755798e-04   5.7820691e-04   7.5440162e-04   1.7614605e-03   3.6542515e-04   9.3425663e-04   1.0334953e-04   6.3525179e-04   6.3970173e-04   1.8124369e-03   5.3104206e-04   4.3626424e-01  -5.1110186e-02   1.0000000e+00
   4.3329225e-01   7.3546732e-04   8.9691824e-04   8.4340642e-04   8.1986904e-04   5.2535628e-03   1.3027746e-03   7.7528092e-04   5.9301521e-04   1.5684318e-03   8.6470231e-04   2.4947825e-04   7.4359261e-04   3.2092784e-04   8.3472386e-04   9.3959955e-04   1.9191288e-03   8.5876785e-04   3.9931547e-03   1.6551794e-03   6.1505558e-04   6.2069733e-04   5.3555746e-03   1.4505648e-03   2.4387026e-03   3.8455244e-04   4.1085348e-04   5.2491742e-04   3.3233158e-03   3.7051311e-03   4.3329225e-01  -2.3712144e-02   1.0000000e+00
   2.2937294e-01   2.1169187e-04   5.2609528e-05   8.4028105e-04   3.3288144e-04   9.2523667e-03   1.9450954e-04   0.0000000e+00   3.5985364e-04   0.0000000e+00   0.0000000e+00   6.3916226e-04   4.3943072e-04   9.2050516e-05   1.4658028e-03   2.1050060e-04   1.4383601e-03   1.1286435e-03   1.2516756e-03   6.2798819e-03   2.6660631e-03   0.0000000e+00   1.3913068e-02   2.7255119e-03   1.7100822e-03   0.0000000e+00   4.2101036e-04   6.9882863e-04   1.1576508e-03   1.0172326e-03   2.2937294e-01   3.4447203e-01   1.0000000e+00
   1.9147716e-01   6.1397042e-06   9.2428888e-05   2.5662348e-04   0.0000000e+00   1.0425980e-03   2.9090318e-04   1.2783596e-03   5.5236777e-04   2.8841797e-05   3.2138160e-04   0.0000000e+00   0.0000000e+00   1.6347324e-04   3.9808742e-04   0.0000000e+00   6.6499559e-05   3.5193092e-04   7.4261304e-04   1.2371794e-03   1.4543098e-04   1.5909088e-03   6.9805767e-04   1.8755742e-04   7.6475453e-04   4.0149596e-05   0.0000000e+00   1.1286155e-04   2.9410184e-04   7.3500626e-04   1.9147716e-01   6.1367046e-01   1.0000000e+00
   6.1583126e-02   4.0615112e-04   7.5568445e-05   8.1469191e-04   2.4031155e-04   0.0000000e+00   9.4288891e-05   0.0000000e+00   1.4995173e-03   0.0000000e+00   6.4674479e-04   2.1278608e-05   2.0505692e-03   7.2029156e-05   8.1852620e-04   1.0187959e-04   0.0000000e+00   0.0000000e+00   0.0000000e+00   3.2892745e-04   4.6922209e-04   5.4978703e-04   4.2018879e-03   1.3206131e-04   6.2030178e-04   7.0981946e-05   4.4691164e-04   4.3845701e-04   3.8315868e-04   1.0655638e-05   6.1583126e-02   6.9510396e-01   1.0000000e+00
   4.2786175e-01   5.5019842e-05   3.8320288e-04   1.1340129e-03   3.3476261e-04   4.3772700e-03   9.7351773e-04   1.9394611e-03   6.1785355e-04   4.3032523e-05   1.6667084e-04   5.0925926e-04   9.4337755e-04   6.6420347e-04   4.9033052e-04   1.9532152e-04   1.4755656e-03   3.7857711e-04   1.8470826e-03   3.0813490e-03   6.5749573e-04   5.2924413e-04   1.9998360e-03   2.8404373e-04   2.1046901e-04   1.2119724e-04   5.1115846e-04   1.8132716e-04   1.9871631e-03   8.7807978e-04   4.2786175e-01   2.2850049e-02   1.0000000e+00
   2.4679919e-01   4.2728199e-04   9.9675209e-04   3.0395473e-03   3.8367990e-04   1.5858874e-03   2.0430438e-04   1.9794845e-04   5.0275723e-04   6.3712393e-04   1.8733820e-04   2.3639578e-04   1.1535568e-03   1.4534212e-04   4.9043302e-04   4.8664988e-04   6.4926638e-04   3.1921466e-04   8.6040659e-04   9.9246197e-04   2.5125604e-04   2.2473879e-03   7.9848987e-03   5.4149340e-04   2.3793498e-03   1.3188178e-04   7.0111825e-04   1.6234975e-04   5.5882762e-04   1.3246222e-03   2.4679919e-01   2.6218711e-01   1.0000000e+00
   1.8443123e-01   4.4170410e-05   5.2425012e-04   1.6630151e-03   5.4067153e-04   2.4108732e-03   2.0399536e-04   9.9743425e-04   4.1885777e-04   1.6742213e-03   6.2477319e-04   4.8082223e-04   1.5153948e-03   6.4281301e-05   8.8861433e-04   1.7417543e-04   1.7121140e-03   2.6941782e-04   3.1874888e-03   1.4822493e-03   5.8539454e-04   3.1968390e-04   1.0828399e-03   1.5380316e-04   3.4111379e-04   7.1399437e-05   6.1374335e-05   6.4302596e-04   5.2023450e-04   5.6385687e-04   1.8443123e-01   6.5811729e-01   1.0000000e+00
   4.1201878e-02   0.0000000e+00   1.3167301e-04   0.0000000e+00   0.0000000e+00   1.3177969e-03   3.0349010e-04   2.1155838e-04   3.1559586e-04   0.0000000e+00   2.1337828e-04   8.1140258e-04   6.3781652e-04   7.2520350e-05   0.0000000e+00   1.5643288e-04   9.4610067e-04   7.8040036e-05   0.0000000e+00   1.7000858e-03   5.5258099e-04   0.0000000e+00   4.3810390e-04   6.6695468e-05   0.0000000e+00   3.6376606e-04   1.9911277e-04   8.5341724e-04   0.0000000e+00   5.2744077e-05   4.1201878e-02   7.5779123e-01   1.0000000e+00
   2.0423087e-01   0.0000000e+00   6.3512121e-06   9.7576346e-04   3.8952982e-04   2.4332640e-03   9.9385369e-04   1.6003683e-05   1.0535415e-03   2.0291193e-03   5.2064458e-04   2.4018308e-05   4.3452049e-04   0.0000000e+00   2.0716626e-04   6.0821504e-05   1.7464372e-03   9.9454499e-05   2.2849343e-04   1.8955897e-03   6.2110065e-04   9.4922365e-04   1.5403368e-03   3.2301834e-05   1.5682420e-04   1.5376095e-04   1.9479625e-04   6.9459902e-05   2.2714081e-03   8.4105414e-04   2.0423087e-01   5.2257373e-01   1.0000000e+00
   1.8822766e-01   1.9564573e-04   1.8762562e-04   1.0897185e-03   6.4346266e-04   1.2266597e-03   3.2397463e-04   1.2938670e-03   1.7518601e-04   6.4992066e-05   1.0222785e-03   2.2394079e-04   1.1110099e-03   4.0283071e-04   7.2743904e-04   7.7471943e-04   4.5057529e-04   1.6337627e-04   8.5438849e-04   2.3882622e-04   8.4525126e-04   6.4272722e-04   1.2452460e-03   6.5540054e-05   1.8583915e-03   1.8101729e-04   8.9152354e-04   1.3568252e-04   9.2227267e-04   7.2844201e-04   1.8822766e-01   6.3504590e-01   1.0000000e+00
   4.1580001e-01   1.9109005e-04   0.0000000e+00   9.3608110e-04   5.3258826e-04   6.5914607e-03   5.9561188e-05   5.4814343e-05   0.0000000e+00   4.2464410e-04   6.8244456e-05   6.9620016e-04   8.2564921e-04   1.6466144e-04   8.5537052e-05   0.0000000e+00   3.2392525e-04   0.0000000e+00   7.9424666e-04   8.8168502e-05   9.0805554e-05   2.7836052e-04   5.2784686e-05   2.0059263e-06   6.9860259e-04   0.0000000e+00   1.8562285e-04   3.5568178e-05   4.8980716e-04   7.3521486e-04   4.1580001e-01   1.5947239e-01   1.0000000e+00
   5.5166144e-02   2.9004267e-04   1.3578250e-04   2.6797679e-04   3.6833170e-05   2.0238212e-03   1.5994887e-04   2.0485047e-06   6.0304821e-05   2.8934381e-04   1.9703771e-04   1.8659268e-04   4.6856840e-04   1.7388582e-05   2.1604059e-04   1.9574836e-04   1.1938499e-03   1.9525148e-04   3.2155054e-04   4.6502391e-04   2.2739491e-04   1.2811610e-03   2.2408534e-04   3.4377923e-04   8.1098724e-05   9.3428937e-05   2.8612563e-04   1.5728992e-04   1.2573367e-03   2.1459934e-04   5.5166144e-02   7.1126333e-01   1.0000000e+00
   5.0926717e-02   6.3127652e-05   6.4514206e-04   5.5646894e-04   5.5016785e-04   5.3901278e-04   1.0771892e-03   4.5799622e-04   1.1459115e-03   5.8779989e-04   4.1779811e-04   4.7871665e-04   4.2910062e-04   8.7007730e-05   5.8165033e-04   9.8316623e-05   2.8946795e-04   1.4087475e-04   1.3674414e-03   3.8349443e-03   3.9543984e-04   9.4027554e-04   3.2706139e-04   1.6513361e-04   2.4472565e-04   3.9327930e-04   4.1837788e-04   1.2530685e-04   1.0797166e-03   5.9488476e-04   5.0926717e-02   7.2433748e-01   1.0000000e+00
   4.5005890e-02   6.9981976e-05   2.0382745e-04   4.3126441e-04   2.5633230e-04   2.0067183e-05   5.1138843e-05   1.4940381e-04   7.6445934e-04   1.1959305e-04   2.6399749e-04   1.2057033e-04   4.5542729e-04   7.0749481e-05   3.1414577e-04   2.9290598e-05   2.0897962e-05   3.1754083e-05   8.5383801e-04   1.5690959e-03   4.7428579e-04   7.1547004e-04   1.0589915e-03   1.4921645e-04   1.3280747e-03   2.2247703e-04   2.2518357e-04   8.8468840e-05   7.0744126e-05   1.2852163e-04   4.5005890e-02   7.4387890e-01   1.0000000e+00
   4.2953858e-01   6.2211987e-05   4.4038455e-04   5.3800491e-04   4.2096824e-04   6.7694188e-03   4.1922874e-04   5.2529970e-05   4.3100488e-04   1.3693420e-04   1.5135589e-04   7.3152407e-04   5.0596506e-04   7.1111513e-04   3.8844110e-04   1.1192448e-04   1.9970199e-04   2.4780384e-04   5.0926377e-03   3.3542074e-03   5.6048170e-04   5.2409722e-04   1.4130633e-03   2.0299934e-04   1.4998148e-05   1.1846743e-04   6.2938265e-04   1.6793503e-04   9.9911845e-04   9.2560059e-04   4.2953858e-01   6.2466307e-03   1.0000000e+00
   3.0037210e-02   1.0512049e-04   3.3214686e-05   0.0000000e+00   5.5794402e-04   0.0000000e+00   8.8763966e-05   0.0000000e+00   3.0628213e-04   3.9270452e-05   7.0109411e-05   7.1585351e-05   2.7066608e-04   7.0809626e-06   1.8619414e-05   1.1706225e-03   6.0731906e-04   6.2507278e-05   1.3894993e-04   0.0000000e+00   2.5462468e-05   3.8538599e-04   1.7765718e-04   1.7323326e-04   1.0028843e-03   5.6235154e-05   5.9094983e-05   0.0000000e+00   3.3336041e-04   1.9222129e-04   3.0037210e-02   8.0257104e-01   1.0000000e+00
   2.1004546e-01   4.4857836e-04   2.0996103e-04   2.0804861e-03   1.4889720e-03   2.9625135e-03   2.8605259e-04   0.0000000e+00   0.0000000e+00   3.3833586e-04   4.5968701e-05   6.5486159e-05   7.7354004e-04   0.0000000e+00   4.5849115e-05   5.1357228e-04   1.0094320e-03   4.2058258e-04   7.1377971e-03   5.5485219e-04   3.4631060e-04   0.0000000e+00   4.2151338e-03   4.0681060e-04   0.0000000e+00   0.0000000e+00   0.0000000e+00   4.1990016e-04   1.0571117e-03   0.0000000e+00   2.1004546e-01   4.7875396e-01   1.0000000e+00
   4.4093214e-01   6.6893478e-04   1.4882833e-04   9.6142621e-03   7.7224128e-04   1.6466123e-03   4.4027351e-04   7.0968261e-03   4.4882717e-03   1.2352266e-03   3.6264499e-02   4.0842339e-04   1.3302136e-03   5.2875553e-04   4.0159022e-04   1.0764626e-03   1.2790468e-03   5.2123057e-04   4.4608758e-04   8.3758083e-04   5.2232695e-04   1.1454705e-03   7.5677660e-03   8.0482385e-04   1.0801274e-03   8.9735732e-03   1.2039570e-03   1.7895387e-02   1.1492805e-03   1.2917498e-03   4.4093214e-01  -6.1981926e-02   1.0000000e+00
   2.1741425e-01   3.8467150e-04   6.0953897e-04   1.3737941e-03   8.6490329e-05   2.0190891e-03   3.3897565e-06   1.6084426e-05   1.0053506e-03   0.0000000e+00   8.7570637e-05   3.7821820e-05   0.0000000e+00   2.0154894e-05   0.0000000e+00   4.0416622e-04   5.5904413e-04   0.0000000e+00   2.6498384e-04   0.0000000e+00   4.8656320e-06   7.3968065e-07   8.6660174e-03   5.5256334e-04   2.0459769e-03   6.4637359e-05   0.0000000e+00   0.0000000e+00   3.7315384e-03   7.1878755e-04   2.1741425e-01   4.2304460e-01   1.0000000e+00
   4.3204229e-01   9.1459521e-04   1.3036064e-03   1.4685531e-03   2.3036904e-03   9.0581921e-03   1.6942976e-03   2.7806395e-03   8.1762153e-04   1.4226895e-03   5.7424551e-04   1.5996587e-03   1.7919129e-03   3.6390624e-04   2.6873430e-03   2.4414613e-04   1.2614087e-03   1.1456605e-03   2.2380629e-03   4.2739921e-03   1.6801364e-03   2.8947777e-03   1.1637759e-02   7.2753105e-04   1.3240318e-03   7.0864535e-04   1.8041944e-03   3.6784029e-04   3.9141111e-03   4.3909771e-03   4.3204229e-01  -8.1443558e-03   1.0000000e+00
   3.5156328e-02   0.0000000e+00   2.9940884e-04   3.4608556e-04   0.0000000e+00   2.2233065e-04   1.3906849e-04   1.1057042e-03   4.6586566e-04   0.0000000e+00   5.3958923e-04   4.1909423e-05   1.2383864e-03   1.3983504e-05   3.5985200e-05   5.4262796e-05   0.0000000e+00   3.0677054e-04   0.0000000e+00   1.2761225e-03   0.0000000e+00   3.5888075e-04   9.2841623e-04   2.0815605e-04   6.7061115e-05   0.0000000e+00   0.0000000e+00   0.0000000e+00   6.5400855e-04   6.7136504e-04   3.5156328e-02   7.8144501e-01   1.0000000e+00
   8.8543860e-03   1.1522533e-04   1.3504919e-04   9.9541190e-04   1.3466517e-04   1.5902298e-03   2.9389854e-04   2.1183938e-05   2.8423019e-05   4.5145926e-05   1.7218230e-04   1.8615230e-04   4.8463887e-04   3.5206599e-05   1.1354861e-03   9.1784173e-04   5.3817455e-04   8.7901807e-05   5.1624446e-04   1.3798567e-04   7.4565749e-04   2.7469641e-04   1.7839953e-03   1.6942790e-04   1.9336925e-04   1.2252045e-04   4.6030186e-04   1.1923624e-04   1.4615803e-04   1.5600512e-04   8.8543860e-03   9.0365070e-01   1.0000000e+00
   1.9784649e-01   5.6817170e-04   6.0177540e-04   9.2582289e-04   6.6163376e-04   4.0324316e-03   4.8454902e-04   4.3096205e-04   6.1606011e-04   5.2821613e-04   3.8353294e-04   9.6836133e-04   1.0424060e-03   1.1554662e-04   9.7853796e-05   2.0273110e-04   4.8875813e-04   1.1885982e-04   1.4104426e-04   2.2440181e-03   5.9179436e-04   1.5435255e-05   8.5379471e-04   3.6250712e-04   7.2480338e-04   5.3420521e-04   1.3980317e-03   4.9853176e-04   3.2285151e-04   5.4472388e-04   1.9784649e-01   5.6989924e-01   1.0000000e+00
   2.3686396e-01   3.6445551e-04   9.4315313e-04   2.7824903e-03   1.9211763e-03   9.3218923e-04   7.1694984e-04   2.0893154e-03   5.5616109e-04   1.5079339e-04   1.2170115e-03   6.5068005e-04   1.8150041e-03   5.8765972e-04   1.3655576e-03   1.1544109e-04   9.0639093e-04   1.1986261e-03   1.5761187e-03   8.6673734e-04   1.6594807e-03   1.0675948e-03   2.7400356e-03   2.1408741e-04   2.1120968e-03   7.1771367e-04   2.7624661e-03   3.3336342e-04   1.1097943e-03   1.8124479e-03   2.3686396e-01   3.0132768e-01   1.0000000e+00
   4.1785672e-01   1.2750811e-06   2.4755979e-04   1.4891831e-03   4.5804520e-04   1.3066348e-03   6.9105294e-04   2.7316047e-03   1.5848887e-03   1.8190987e-04   1.0342650e-03   2.6915074e-04   2.8001870e-03   3.7690531e-04   2.0318153e-03   2.6135085e-04   5.3602494e-04   7.3625208e-04   3.7511749e-03   3.8316965e-03   1.0665156e-03   1.0479720e-03   7.6373828e-03   1.4384152e-03   9.7922952e-04   2.2382054e-04   1.5827648e-03   6.5031965e-04   4.5129374e-04   1.7261363e-03   4.1785672e-01   1.3816074e-01   1.0000000e+00
   4.2626301e-01   1.2906450e-03   5.9946513e-04   8.9987819e-04   2.7185430e-03   6.3211908e-03   0.0000000e+00   0.0000000e+00   1.1113368e-03   5.1505158e-04   9.3565487e-04   0.0000000e+00   3.1390298e-03   2.9392344e-04   2.8836412e-04   1.6138608e-03   6.1652219e-04   1.1792035e-03   1.7799350e-03   0.0000000e+00   5.7264462e-04   8.3463147e-04   1.8920699e-02   0.0000000e+00   9.6318103e-04   2.2370228e-04   4.6258941e-04   1.2300607e-03   2.6847641e-03   2.8129166e-03   4.2626301e-01   4.4158808e-02   1.0000000e+00
   2.5031894e-01   1.1859652e-04   3.7726316e-04   1.2352164e-03   4.1423595e-05   3.0545913e-03   1.4664923e-04   7.8397244e-04   3.2736704e-04   8.0956756e-05   1.0469121e-04   4.9852463e-04   8.4595393e-04   2.8632911e-04   1.1462564e-03   6.6570580e-04   5.8475007e-04   4.8210372e-04   1.2211124e-03   7.4059861e-04   5.0435797e-04   5.8749588e-04   1.6904576e-03   5.8104279e-05   9.4270092e-04   7.3069247e-05   1.0234863e-04   3.4116759e-04   1.4288631e-03   2.0046653e-04   2.5031894e-01   2.5226011e-01   1.0000000e+00
   3.6133871e-02   6.3454356e-06   1.4500568e-04   0.0000000e+00   1.9643482e-04   0.0000000e+00   5.1151733e-04   1.7377311e-03   1.1416724e-03   8.8156461e-05   3.2451788e-04   3.2103675e-04   3.1857963e-03   1.7713083e-04   1.5682147e-04   0.0000000e+00   2.3966452e-04   2.7979720e-04   2.0239193e-03   0.0000000e+00   1.4808124e-04   4.7161638e-04   0.0000000e+00   1.7412915e-03   3.5646505e-04   2.2836662e-04   2.8793090e-04   4.5021964e-05   6.8045757e-04   2.4878804e-04   3.6133871e-02   7.7773418e-01   1.0000000e+00
   4.4631672e-01   3.4106891e-05   1.6183027e-04   1.0661696e-02   1.0453291e-03   9.6637134e-04   2.2676724e-06   1.8167960e-03   5.2405989e-03   4.8896600e-04   1.2553409e-02   5.6628736e-04   1.5534398e-03   1.0391952e-03   2.4723502e-03   1.6692906e-04   1.5755035e-03   2.6830661e-03   2.1878896e-04   5.4952479e-05   7.2512813e-04   7.9032481e-04   1.4414070e-04   2.8320376e-04   7.6611709e-04   2.6202662e-03   1.1980188e-03   3.1164942e-02   1.9238130e-04   5.9095243e-04   4.4631672e-01  -9.2109026e-02   1.0000000e+00
   4.8704614e-03   1.1225034e-03   1.4314984e-04   2.0513667e-03   8.3266596e-04   2.7415708e-04   9.2889664e-05   3.9763194e-04   3.0770227e-04   6.0249770e-04   1.2706559e-04   1.2104973e-04   2.3635358e-05   6.5172737e-06   7.5306527e-05   9.8246884e-05   3.5156381e-04   1.5637585e-04   4.5029568e-04   1.4403209e-02   3.2242905e-05   8.3330072e-04   5.8294562e-03   2.2962559e-03   1.1020242e-03   3.9763047e-05   8.7409109e-04   1.5490341e-03   5.6310490e-04   6.1814859e-04   4.8704614e-03   9.2985701e-01   1.0000000e+00
   6.9369223e-03   3.5738337e-04   1.2009566e-04   1.2746318e-03   7.2167033e-04   1.3737025e-03   0.0000000e+00   0.0000000e+00   4.7530294e-04   2.4734468e-04   0.0000000e+00   4.7390823e-04   0.0000000e+00   2.0555605e-04   5.3992853e-04   1.4453702e-04   3.8979911e-04   2.2605177e-04   5.2789792e-03   6.1456156e-04   3.6579511e-05   2.4707304e-04   3.3708729e-03   2.1920156e-04   0.0000000e+00   3.8665875e-04   0.0000000e+00   2.0378386e-04   4.9428877e-04   0.0000000e+00   6.9369223e-03   9.1544404e-01   1.0000000e+00
   2.1969385e-01   2.8228802e-04   1.0966841e-04   1.6871013e-03   5.9944026e-04   5.4935517e-04   3.4092881e-04   4.8813637e-04   3.9658835e-04   3.1400638e-04   2.1436219e-04   8.1288451e-05   7.3044421e-04   2.3147907e-04   1.0086590e-03   5.2171241e-05   8.3877643e-04   1.8137286e-04   2.8220081e-04   1.6550949e-03   2.7020789e-04   8.5828020e-04   2.1927381e-03   8.8800050e-05   1.3778681e-03   9.1601302e-05   1.0612678e-04   5.7676863e-04   1.0979156e-03   4.1326727e-04   2.1969385e-01   4.0578078e-01   1.0000000e+00
   2.0661236e-01   8.5590405e-04   6.1073987e-05   1.0166345e-03   4.2463082e-07   4.8959402e-04   4.2400048e-04   1.8017220e-04   5.0059091e-04   2.5924888e-04   2.3521141e-04   6.2676394e-04   1.5428308e-03   3.2605003e-05   7.5886974e-04   1.1530116e-04   1.3224962e-03   2.3859182e-06   9.5592082e-04   2.6372873e-03   4.5376340e-04   5.4672687e-04   3.8588029e-03   1.8620862e-04   3.3248302e-04   1.2447762e-04   4.4318292e-04   4.7568103e-04   1.2637890e-03   3.1520951e-03   2.0661236e-01   5.0474499e-01   1.0000000e+00
   4.2299306e-01   2.4605495e-04   2.8467037e-04   9.5373909e-03   1.1681922e-03   3.4606402e-04   1.9620710e-05   1.7099913e-03   3.2968644e-04   7.7496093e-04   2.2032106e-03   2.5762919e-04   3.3319227e-03   9.4672490e-04   3.1597712e-03   1.9162787e-04   1.9975050e-04   2.4827408e-03   3.3948532e-04   1.3369279e-03   9.0437747e-04   9.4152558e-04   6.1446123e-03   2.3955244e-03   9.0229446e-04   1.0674830e-03   1.2911169e-03   1.1535583e-02   4.9185625e-04   5.5247377e-04   4.2299306e-01   8.0150736e-02   1.0000000e+00
   2.0762290e-01   2.0434099e-04   0.0000000e+00   1.1620735e-03   0.0000000e+00   2.9548975e-03   9.7460469e-05   3.5262249e-04   2.3896368e-04   0.0000000e+00   6.1058604e-05   7.4767247e-05   6.6087656e-04   3.0943261e-05   7.5899756e-04   6.7229227e-04   2.0386185e-04   4.1883067e-04   0.0000000e+00   7.5473078e-04   1.9721641e-04   1.6877892e-04   1.6556066e-03   0.0000000e+00   1.0509101e-03   2.9699075e-05   2.3838967e-06   8.3514739e-05   4.8158893e-04   7.2510154e-06   2.0762290e-01   4.9615218e-01   1.0000000e+00
   2.0237285e-01   0.0000000e+00   7.0153636e-05   2.8125805e-03   4.9243556e-04   8.0802211e-04   2.1933272e-04   2.3437137e-03   4.1291333e-03   1.6117657e-03   2.2876879e-02   1.8787607e-04   6.3880683e-04   7.4006579e-05   7.8751675e-04   6.0522217e-04   1.6527526e-03   3.0442594e-04   4.2377578e-05   1.1727261e-03   5.1396448e-04   5.5166744e-04   1.4751283e-03   1.2695923e-04   1.4386719e-04   3.0518064e-03   2.6048602e-04   3.9928256e-03   1.3255009e-03   1.0180547e-03   2.0237285e-01   5.3898899e-01   1.0000000e+00
   2.3949992e-01   4.1725386e-04   2.2111349e-04   7.8019787e-04   1.2950725e-03   1.5320031e-03   2.2931727e-04   2.4417490e-04   2.8228858e-04   3.0100082e-04   3.2326873e-04   3.8107953e-04   6.6678973e-04   2.3859155e-04   1.7393319e-03   2.6642870e-04   2.0685669e-04   1.5879399e-04   5.5845500e-04   6.6935962e-03   2.6791757e-04   4.6433105e-04   7.0087523e-04   5.1514130e-04   4.8501680e-04   2.2267359e-04   3.4499456e-04   2.0341158e-04   5.8104142e-04   2.6086551e-04   2.3949992e-01   2.8701920e-01   1.0000000e+00
   4.2400184e-01   9.0228733e-04   7.3357874e-04   2.4919490e-03   5.9183812e-04   5.1071589e-03   5.3385530e-04   1.3106925e-04   3.9087295e-04   1.3020716e-03   7.4762314e-05   2.1395126e-04   1.1088837e-03   4.8996655e-05   2.6744429e-04   9.5891646e-04   9.0199512e-04   2.9858471e-04   5.3226169e-04   8.3770894e-04   4.0804088e-04   6.8335541e-05   7.9828949e-03   8.2468904e-04   1.6395662e-03   1.7391042e-04   3.4954703e-04   2.0148759e-04   1.5550639e-03   1.3150511e-03   4.2400184e-01   6.4632438e-02   1.0000000e+00
   4.4680048e-04   8.3196804e-04   0.0000000e+00   1.1462092e-03   0.0000000e+00   7.6534542e-05   6.7480692e-03   5.3983707e-02   0.0000000e+00   1.1120497e-01   0.0000000e+00   0.0000000e+00   3.0342933e-03   0.0000000e+00   6.0952054e-05   6.8532298e-03   2.6390613e-02   0.0000000e+00   2.6754262e-02   5.0532130e-03   1.2901534e-03   3.4061696e-04   7.3196544e-03   0.0000000e+00   5.8338922e-02   5.7074635e-05   0.0000000e+00   1.9710049e-01   4.8223530e-04   5.2321871e-04   4.4680048e-04   9.8034782e-01   1.0000000e+00
   2.1298877e-01   3.1366951e-04   5.6811933e-05   2.0764969e-03   0.0000000e+00   8.9653073e-03   4.7792007e-04   2.0934557e-03   1.5816030e-03   0.0000000e+00   8.1854125e-04   0.0000000e+00   3.2622976e-03   2.3316345e-04   0.0000000e+00   4.3854038e-04   6.8548963e-04   5.6598714e-04   2.3748590e-03   6.6289519e-02   3.1342766e-03   4.6265446e-04   4.9480726e-02   5.7458243e-03   7.3516513e-04   6.2417844e-05   0.0000000e+00   0.0000000e+00   1.1579317e-03   4.0369893e-04   2.1298877e-01   4.6824287e-01   1.0000000e+00
   4.4262945e-01   2.5718736e-04   1.6068697e-04   9.9707276e-03   8.2083292e-04   1.1517255e-03   1.0152817e-04   3.1629069e-03   5.2198053e-03   7.6662516e-04   1.4710996e-02   4.3645944e-04   1.4506551e-03   6.6083752e-04   5.6726517e-04   1.0249716e-03   1.3552413e-03   1.9676918e-03   3.7125294e-04   7.3762418e-04   6.4682440e-04   1.0225415e-03   7.0024496e-04   6.6340656e-04   8.3295361e-04   7.7904066e-03   1.1987172e-03   2.4373213e-02   1.0927020e-03   1.0929346e-03   4.4262945e-01  -7.6598793e-02   1.0000000e+00
   1.5133972e-02   3.9958361e-05   1.9265198e-04   6.3995187e-04   2.5253306e-04   1.0652498e-03   5.1507205e-04   4.7415115e-04   3.6065648e-04   1.7623388e-04   2.5001108e-04   3.2483793e-05   8.5267059e-04   5.3042547e-05   1.1562658e-04   1.5888838e-04   2.2840610e-04   1.1815182e-04   4.8680797e-04   1.0428270e-03   3.8048276e-04   1.5663309e-04   2.2946811e-04   4.7183156e-05   5.4411213e-05   1.7758617e-04   5.1209621e-04   0.0000000e+00   5.0302486e-04   2.8590658e-04   1.5133972e-02   8.7025166e-01   1.0000000e+00
   1.9938497e-01   3.9478217e-04   1.3499058e-04   6.5159185e-04   8.1849137e-04   2.5542628e-03   2.4867608e-04   4.8799852e-05   7.2474646e-06   1.3765394e-03   2.8510231e-04   1.8005205e-04   6.9801056e-04   2.9329112e-05   3.5620155e-04   2.1318587e-04   6.0407646e-04   2.9929379e-04   2.8134658e-03   8.8047600e-04   5.3760503e-04   0.0000000e+00   2.9077063e-03   3.1773833e-04   8.2178133e-05   2.6408533e-04   1.5056859e-04   4.1118692e-04   8.7789507e-04   0.0000000e+00   1.9938497e-01   5.5855703e-01   1.0000000e+00
   1.8959341e-01   7.0194152e-05   0.0000000e+00   1.2678180e-03   2.0803911e-04   4.3416394e-03   3.1423162e-04   0.0000000e+00   2.9916221e-04   5.8925967e-04   4.0798787e-05   2.5649064e-04   0.0000000e+00   1.3519578e-04   2.6755198e-04   3.8705613e-04   8.8767118e-04   0.0000000e+00   2.1523764e-03   7.5075692e-04   0.0000000e+00   1.5224964e-04   5.2437398e-04   0.0000000e+00   1.3439519e-03   1.8948841e-04   0.0000000e+00   1.1934423e-05   0.0000000e+00   0.0000000e+00   1.8959341e-01   6.2615138e-01   1.0000000e+00
   2.1151958e-02   0.0000000e+00   0.0000000e+00   0.0000000e+00   4.9329546e-04   8.7563941e-03   1.9659415e-04   0.0000000e+00   4.7045255e-04   8.9053649e-04   0.0000000e+00   0.0000000e+00   2.6562608e-03   2.5741442e-04   1.6606450e-03   2.0773469e-04   7.3218041e-04   0.0000000e+00   1.2279906e-03   0.0000000e+00   0.0000000e+00   1.9203075e-05   0.0000000e+00   0.0000000e+00   1.1241635e-03   4.3446154e-04   2.8932167e-03   1.5937611e-04   1.2524978e-03   6.2175111e-04   2.1151958e-02   8.4215553e-01   1.0000000e+00
   3.2477138e-03   0.0000000e+00   6.6592654e-05   5.9775670e-04   2.9663980e-06   2.7163495e-03   5.6936116e-04   0.0000000e+00   5.1244748e-06   1.7282168e-05   2.1422013e-05   8.6750152e-05   5.0540168e-04   1.1737982e-04   9.5160005e-04   3.0225432e-04   0.0000000e+00   0.0000000e+00   0.0000000e+00   5.9505978e-04   4.5099705e-04   4.0448614e-04   8.0095491e-05   1.2266739e-05   6.0046425e-04   9.8156746e-05   2.4427482e-04   0.0000000e+00   6.0738802e-04   3.4836106e-04   3.2477138e-03   9.4276442e-01   1.0000000e+00
   2.4163012e-01   5.9643841e-04   2.3235132e-04   3.2466520e-04   5.3746379e-04   1.4189350e-03   1.2686549e-04   3.8966334e-04   6.9354158e-04   7.0013562e-04   5.2429819e-04   4.2287274e-04   2.1171190e-03   1.1311928e-04   8.6493262e-04   2.8211172e-04   2.9867300e-04   9.1759843e-05   9.7272960e-04   5.9647818e-03   1.1876548e-03   1.3614975e-04   5.2959975e-03   7.3251566e-04   1.1623479e-04   1.9337256e-04   4.6003672e-04   1.0997748e-03   8.5093050e-04   7.8367675e-05   2.4163012e-01   2.7907590e-01   1.0000000e+00
   1.1674365e-02   5.9459225e-05   0.0000000e+00   8.3027970e-04   2.0236225e-04   2.4830371e-03   1.6164425e-04   0.0000000e+00   2.5319697e-04   1.3190088e-04   3.1837725e-05   1.2138882e-04   1.1899472e-03   2.0427931e-04   5.3684586e-04   0.0000000e+00   2.0544104e-04   4.7783167e-05   6.7514523e-04   6.3271722e-05   5.2508842e-04   1.0098887e-04   0.0000000e+00   0.0000000e+00   4.7450733e-04   2.2107236e-04   1.2447811e-03   5.2492585e-05   9.8510187e-04   2.8995364e-04   1.1674365e-02   8.8796552e-01   1.0000000e+00
   4.2170059e-01   7.1225331e-04   2.4833416e-04   3.7260990e-04   1.0464949e-03   1.1876685e-03   5.7649510e-04   2.7738479e-03   1.6423054e-03   1.6516710e-04   1.0866544e-03   5.8775616e-04   1.9920662e-03   2.3608716e-04   2.5163291e-03   1.2968416e-04   6.4231851e-04   1.0318087e-04   1.2827906e-03   7.5699928e-03   1.6599234e-03   5.4974808e-04   5.7549940e-03   2.0687724e-03   2.1419279e-03   5.5160899e-04   3.8677852e-03   1.1553435e-03   1.1089542e-03   1.7922522e-03   4.2170059e-01   9.3122519e-02   1.0000000e+00
   2.2612142e-03   0.0000000e+00   4.0945668e-05   8.5883962e-05   1.1850499e-04   8.2899797e-04   1.1304039e-04   2.3296727e-04   1.6145740e-04   6.1035509e-04   0.0000000e+00   3.8236745e-05   3.7236147e-04   2.6515021e-05   3.0172575e-04   1.2892418e-04   6.9637361e-05   0.0000000e+00   0.0000000e+00   0.0000000e+00   0.0000000e+00   3.9888812e-05   0.0000000e+00   0.0000000e+00   0.0000000e+00   0.0000000e+00   2.2035443e-03   0.0000000e+00   4.8752582e-04   8.6112551e-05   2.2612142e-03   9.5233139e-01   1.0000000e+00
   2.0127954e-01   0.0000000e+00   9.2001290e-05   1.2220241e-02   5.4444536e-04   0.0000000e+00   2.5196678e-05   2.3757791e-03   4.9831651e-03   0.0000000e+00   2.6481264e-02   2.0679710e-04   8.0729853e-04   5.7291791e-04   1.1312584e-03   6.7470822e-04   1.6412906e-03   1.2327852e-03   0.0000000e+00   3.6397433e-05   4.5796962e-04   5.3059553e-04   0.0000000e+00   6.4825751e-04   8.4986444e-06   5.7528486e-03   2.7960136e-04   1.2959660e-02   0.0000000e+00   1.0198035e-03   2.0127954e-01   5.4856302e-01   1.0000000e+00
   1.9461189e-02   3.5967727e-04   1.9672299e-04   1.7738658e-04   3.5253636e-05   1.3397637e-03   1.5996268e-04   6.3056722e-08   1.3037442e-04   2.9193302e-04   1.2247355e-04   6.9706063e-05   1.0512498e-03   1.6699908e-05   0.0000000e+00   5.3093860e-05   1.9676340e-03   1.8096302e-04   3.5818506e-04   4.8961562e-04   2.0846069e-04   2.1664633e-03   9.8047327e-05   5.1975893e-05   5.6249023e-05   1.5756955e-05   9.7665758e-04   0.0000000e+00   6.9156391e-04   0.0000000e+00   1.9461189e-02   8.4960793e-01   1.0000000e+00
   4.2563370e-01   2.1336626e-03   1.2877986e-03   1.5452477e-04   9.0859936e-04   3.5526236e-03   4.6722252e-04   1.1403929e-03   9.5298673e-04   1.6189303e-03   1.3633369e-04   3.6480837e-04   1.6743575e-03   0.0000000e+00   2.7430743e-03   6.7423336e-04   7.0352131e-04   4.6768319e-04   6.3285022e-05   2.6796151e-02   9.9668291e-04   3.3269022e-04   1.3481929e-02   2.4392636e-03   2.1779253e-03   1.8968591e-04   2.0325297e-03   5.0291015e-04   1.3777063e-03   1.5561526e-03   4.2563370e-01   5.4367714e-02   1.0000000e+00
   2.1316681e-01   4.8833114e-04   3.1595665e-04   1.4345724e-03   1.3465803e-03   2.9923800e-03   0.0000000e+00   0.0000000e+00   7.9575649e-04   3.1687687e-04   2.9146449e-04   0.0000000e+00   8.4861957e-04   2.6722357e-04   1.2602550e-04   9.7352475e-04   0.0000000e+00   5.4914591e-04   2.2291592e-03   5.0432770e-04   2.9848634e-04   4.8831771e-04   4.5506010e-03   1.6700652e-04   5.9791797e-04   4.8708344e-05   3.6246208e-04   4.4997899e-04   1.4803036e-03   4.5955948e-04   2.1316681e-01   4.5480369e-01   1.0000000e+00
   2.2117883e-01   1.1902020e-03   6.8915746e-04   1.3222629e-03   4.1855548e-04   2.8374356e-03   3.8529157e-04   1.0971963e-04   5.7551083e-04   1.4579546e-04   4.4826238e-04   7.3383030e-04   1.6166845e-03   9.2498452e-05   3.9381269e-04   2.5314107e-04   2.5347743e-04   5.3293018e-04   4.4710106e-03   2.8899886e-03   3.9197149e-04   5.0494481e-04   4.0131577e-03   3.7645050e-04   6.0586421e-04   1.4892132e-04   4.9309231e-04   2.0105348e-04   1.0073616e-03   2.4607734e-03   2.2117883e-01   3.9654576e-01   1.0000000e+00
   1.2534400e-02   1.6861688e-04   9.2662588e-05   2.3053327e-04   8.8427219e-05   1.8010315e-03   1.1905224e-04   0.0000000e+00   0.0000000e+00   8.2186683e-05   1.5792423e-04   5.7921315e-04   0.0000000e+00   2.2377041e-05   0.0000000e+00   2.4438183e-04   2.4626548e-04   6.6521173e-05   9.2268239e-04   0.0000000e+00   4.2335785e-04   9.0259910e-05   2.3404429e-04   3.7608392e-04   0.0000000e+00   1.7565445e-04   1.6882960e-04   3.2682384e-04   1.1674221e-04   5.2132588e-05   1.2534400e-02   8.8336145e-01   1.0000000e+00
   2.7816661e-02   6.5926969e-05   8.1218959e-05   2.4684715e-04   2.4249761e-04   7.3623056e-03   1.1025062e-03   7.8477618e-04   1.6125719e-04   6.0250436e-04   1.6922708e-05   1.1456351e-04   3.0890624e-04   1.6174352e-05   1.9041240e-04   3.1378288e-05   4.2294605e-04   2.7326930e-04   5.6458663e-05   2.0494312e-03   4.0353261e-04   8.2903697e-04   1.7357151e-03   1.6793616e-04   1.6351065e-04   2.4349711e-04   8.9182651e-04   0.0000000e+00   1.1935920e-03   3.0105348e-04   2.7816661e-02   8.1253482e-01   1.0000000e+00
   4.4289190e-01   3.9475627e-04   2.4326992e-04   1.0457316e-03   4.7186848e-04   5.8481223e-03   4.7575977e-04   1.4726420e-03   8.7880106e-04   1.9680120e-03   9.0601660e-04   7.3650439e-04   1.2607703e-03   2.9034205e-04   2.2353503e-03   2.8246237e-04   2.1346693e-03   4.4015413e-05   6.9404432e-04   1.8100120e-03   5.1449566e-03   1.0420559e-03   3.5903478e-03   1.7357292e-04   2.7034566e-03   6.1403359e-05   2.5472183e-03   7.5705062e-04   5.2348656e-04   1.1159444e-03   4.4289190e-01  -8.7810009e-02   1.0000000e+00
   2.2386237e-01   5.3799508e-04   1.4131288e-03   1.6323972e-03   6.7066429e-04   2.0095101e-03   1.5843761e-03   4.4302166e-04   2.1798141e-03   6.9723667e-04   1.0313250e-03   1.1315692e-03   7.3015158e-04   9.3138862e-05   7.2249181e-04   7.3382639e-04   1.3998760e-03   7.4166665e-04   1.6103672e-03   5.2197839e-03   6.6409752e-04   7.3637285e-04   5.3311811e-03   5.1098706e-04   1.8669078e-03   3.3856414e-04   3.8642275e-03   9.7957223e-04   2.2942898e-03   6.3722817e-04   2.2386237e-01   3.7931522e-01   1.0000000e+00
   2.2229569e-01   1.1428593e-04   8.1102910e-05   4.6283777e-04   3.8862021e-05   2.1701422e-03   1.5276608e-04   1.2912268e-05   4.8732313e-05   1.8429717e-04   2.8413134e-04   2.0915490e-04   4.6399219e-04   1.7834689e-05   4.0992639e-04   3.1109243e-04   9.5582909e-05   2.0699486e-04   9.9454419e-05   3.0938933e-04   2.3507635e-04   1.5692493e-04   2.7679519e-04   5.4340624e-04   1.0816075e-04   2.4949271e-04   8.9620963e-06   2.6951794e-04   1.5056250e-03   2.5370953e-04   2.2229569e-01   3.8632510e-01   1.0000000e+00
   4.2080234e-01   1.7392794e-04   2.6966817e-04   1.0730618e-03   4.0475646e-04   1.2464615e-03   1.0281775e-03   2.5781512e-03   1.5303316e-03   8.2906214e-05   9.5428626e-04   4.3522427e-04   1.3301010e-03   3.3871098e-04   1.8439627e-03   2.6305183e-04   1.5053114e-03   5.8692794e-04   1.3367103e-03   6.2946664e-03   1.0277784e-03   9.4664805e-04   5.3438755e-03   1.1190826e-03   1.6088905e-03   5.1239504e-04   7.7067679e-04   4.9378832e-04   1.3421899e-03   1.6190197e-03   4.2080234e-01   1.0224841e-01   1.0000000e+00
   2.5259520e-02   1.2801610e-03   7.6331345e-05   1.4623251e-03   0.0000000e+00   0.0000000e+00   7.6136450e-05   7.1887383e-06   1.1408672e-03   0.0000000e+00   2.3206574e-04   3.7640130e-04   1.9285308e-03   4.2027050e-06   5.9203672e-04   0.0000000e+00   1.6120172e-03   0.0000000e+00   1.3757597e-04   2.4232130e-03   5.7962519e-04   1.2758891e-04   1.7510139e-04   0.0000000e+00   2.3037176e-04   1.2139317e-04   9.7534188e-06   5.2996733e-04   1.7138111e-03   4.5844590e-03   2.5259520e-02   8.2364604e-01   1.0000000e+00
   2.2582156e-01   9.8536177e-06   3.8709834e-04   1.4688206e-03   1.6146829e-03   1.3978164e-03   6.3440558e-04   2.3003993e-04   3.3386194e-04   2.9365065e-05   4.7752518e-04   4.9104388e-04   1.1542244e-03   2.7166926e-04   5.3886435e-04   1.0768144e-05   3.1790373e-04   3.7622202e-04   1.4540750e-03   9.2672267e-04   8.1738953e-04   2.0564536e-03   6.9910212e-04   1.7749310e-04   1.9974725e-03   3.3660811e-04   5.9453813e-04   1.0165510e-04   6.7041438e-05   7.2214575e-04   2.2582156e-01   3.6348594e-01   1.0000000e+00
   1.3134878e-03   1.1041540e-03   5.2705479e-05   1.3299836e-03   1.3079330e-04   1.6243749e-04   4.9086576e-03   1.7809246e-02   1.5768405e-04   1.0163841e-01   1.6768358e-05   9.6425403e-05   1.0475833e-03   5.4916129e-06   7.1681559e-05   2.5185064e-03   1.7943927e-02   3.0395615e-05   1.9204414e-02   9.7003867e-03   8.4473259e-04   5.3503807e-04   5.8924682e-03   6.1971292e-04   2.5344047e-02   4.8530866e-05   6.8895986e-04   3.6876825e-02   5.1441418e-04   5.7031192e-04   1.3134878e-03   9.6503605e-01   1.0000000e+00
   4.2029770e-01   7.6377072e-04   2.6518828e-04   3.9011799e-04   1.1331175e-03   1.0653777e-03   3.7039168e-04   2.5694422e-03   1.4280550e-03   8.5243084e-04   1.0109151e-03   2.3368110e-04   2.9213700e-03   3.5694763e-04   3.2366814e-03   3.4316982e-04   5.5006447e-04   1.0670933e-04   1.1836762e-03   7.5547471e-03   1.5921419e-03   1.0825408e-03   2.2168389e-02   2.4264796e-03   2.3367819e-03   5.4938511e-04   3.1398542e-03   1.5219849e-03   1.4725100e-03   1.4351529e-03   4.2029770e-01   1.1270967e-01   1.0000000e+00
   4.3476948e-02   8.8978802e-05   1.3928227e-04   2.6059458e-04   3.2169274e-04   0.0000000e+00   2.0034220e-04   2.0758520e-04   1.9254947e-04   0.0000000e+00   1.5290181e-04   1.6176368e-04   3.6248390e-04   3.0381090e-05   1.3997578e-04   4.6393478e-05   1.1031000e-05   0.0000000e+00   7.8433587e-04   2.3824057e-04   4.3561818e-04   6.3652202e-04   4.0917919e-05   5.7555267e-06   2.9107884e-05   1.6559034e-04   1.6526886e-03   5.6908248e-05   4.9364484e-04   8.6457577e-05   4.3476948e-02   7.4923726e-01   1.0000000e+00
   6.9527562e-02   0.0000000e+00   0.0000000e+00   0.0000000e+00   1.2695300e-03   0.0000000e+00   1.2629642e-04   1.0022828e-05   4.5566820e-04   3.0703123e-04   1.6858033e-04   4.1021614e-05   2.6591502e-04   0.0000000e+00   1.4796275e-04   5.3161872e-04   3.2527016e-04   8.2599757e-05   0.0000000e+00   5.5674098e-04   1.0377641e-04   3.8468314e-04   2.2248360e-03   1.5920821e-04   0.0000000e+00   1.6749678e-05   2.2499765e-04   3.4306825e-04   0.0000000e+00   6.4503618e-05   6.9527562e-02   6.7992632e-01   1.0000000e+00
   6.6240144e-02   8.9894682e-05   2.7791076e-04   3.9773801e-04   1.4589944e-04   1.9065176e-03   1.5647327e-04   2.8863279e-04   3.1399439e-04   5.8395495e-04   3.6121261e-04   5.4297049e-05   1.1102538e-03   1.7388853e-05   2.8666154e-04   1.1060696e-04   4.1180450e-04   2.9999560e-04   1.1518163e-03   1.0739524e-03   3.6112070e-04   3.0299550e-04   1.3316882e-03   2.4960231e-04   7.3089424e-05   5.3903332e-05   9.5012579e-05   1.0001999e-04   7.0379242e-04   4.3126324e-05   6.6240144e-02   6.8553682e-01   1.0000000e+00
   4.1144538e-01   8.9325673e-04   3.3793436e-04   3.3075261e-04   8.1544440e-04   4.8575759e-03   6.1964007e-04   1.7484198e-04   3.1585482e-04   5.3532708e-04   7.8180570e-05   2.1513335e-04   9.8765000e-04   3.0180088e-05   3.6058547e-04   9.5333748e-04   9.5423720e-04   5.1974168e-04   5.0953371e-04   1.4486752e-05   5.1805390e-04   4.0382958e-04   7.3198608e-03   1.4781190e-03   5.0581994e-04   2.3568100e-04   1.8575722e-04   2.7994121e-04   1.8477275e-03   2.8156243e-04   4.1144538e-01   2.1759593e-01   1.0000000e+00
   2.3676562e-02   2.2899754e-05   8.2291542e-05   2.6068104e-04   1.9014787e-04   0.0000000e+00   3.9584103e-05   0.0000000e+00   1.9385282e-04   0.0000000e+00   1.4163547e-04   0.0000000e+00   5.2495228e-04   3.0978497e-05   6.2243888e-05   3.3615880e-05   0.0000000e+00   1.8677189e-05   4.0690425e-04   1.5049824e-03   2.1730638e-04   0.0000000e+00   8.0309393e-04   0.0000000e+00   8.2128710e-05   2.0656103e-04   8.1064571e-04   0.0000000e+00   0.0000000e+00   2.8645937e-05   2.3676562e-02   8.3025971e-01   1.0000000e+00
   2.1573273e-01   1.4591277e-03   9.8660261e-04   0.0000000e+00   3.4314345e-04   6.8521234e-03   0.0000000e+00   1.2921768e-04   1.9154212e-03   1.9568537e-04   1.9965208e-05   1.0189075e-03   0.0000000e+00   0.0000000e+00   0.0000000e+00   1.0108165e-03   2.9443527e-04   5.3494212e-04   0.0000000e+00   0.0000000e+00   3.0382334e-04   0.0000000e+00   5.3841099e-03   1.3334570e-03   3.7125697e-04   2.4879122e-04   0.0000000e+00   2.7327416e-04   1.2883515e-03   3.4883277e-04   2.1573273e-01   4.3569936e-01   1.0000000e+00
   4.1137166e-01   3.4149498e-04   9.0970687e-04   2.8667564e-03   1.1252554e-03   6.7622981e-03   8.1100790e-04   6.5963724e-04   1.0364234e-03   8.2075107e-04   2.8725855e-04   8.6007329e-04   1.1153087e-03   2.5731840e-04   8.4593183e-04   5.3199451e-04   1.4452692e-03   7.4896563e-04   4.3521166e-03   2.6534340e-02   1.9984086e-03   7.6290887e-05   1.5287659e-02   3.7907191e-03   2.8778113e-03   3.5418188e-04   7.2576928e-04   1.1000184e-03   1.5661939e-03   0.0000000e+00   4.1137166e-01   2.2607474e-01   1.0000000e+00
   4.1888532e-01   1.1544387e-03   5.6785809e-06   5.7082135e-04   6.2803977e-04   3.1131572e-03   7.6805465e-05   8.1965329e-04   4.3759250e-04   1.3859835e-03   7.9368050e-04   5.7438638e-04   1.5548640e-03   9.2553469e-05   8.8682179e-04   2.6616975e-04   5.5956612e-04   1.0529536e-05   6.9644556e-04   3.1149848e-02   1.0049188e-03   2.7989614e-04   7.8207918e-03   1.3781008e-03   2.6491305e-03   9.2428833e-06   3.2279123e-03   6.4199719e-04   1.0480186e-03   8.9158883e-04   4.1888532e-01   1.2943672e-01   1.0000000e+00
   2.2501820e-01   0.0000000e+00   4.4330115e-05   2.3092118e-03   3.4883859e-04   1.0651677e-03   7.8428654e-04   2.2695078e-03   7.4595985e-04   0.0000000e+00   3.9261749e-04   2.0071841e-04   3.2631779e-04   1.4839268e-04   8.5971331e-04   2.9603632e-04   7.4869042e-04   3.0701578e-04   8.3453422e-04   2.0874803e-03   7.2970440e-04   1.0961811e-03   2.9124506e-03   5.5785823e-04   0.0000000e+00   3.1800257e-04   5.2650942e-04   1.6334063e-04   6.8543163e-04   2.9890607e-04   2.2501820e-01   3.6901238e-01   1.0000000e+00
   2.1438509e-01   1.3023525e-03   8.0252509e-04   1.3630494e-03   3.7637281e-04   2.3113192e-03   2.0739698e-04   2.4924334e-04   8.3982882e-04   2.4947933e-04   7.1583593e-04   8.0648219e-04   1.7282268e-03   5.5003769e-05   4.7237757e-04   5.7037273e-04   5.1199818e-04   5.3463201e-04   7.8337548e-04   1.6625911e-03   3.0704674e-04   3.5391388e-04   5.8330792e-03   8.3420355e-04   1.4559379e-03   1.8303052e-04   4.5115480e-04   2.4576219e-04   1.1989680e-03   2.4953950e-03   2.1438509e-01   4.4625671e-01   1.0000000e+00
   4.1916694e-01   2.2160542e-04   4.2581800e-04   4.6370817e-04   9.4389481e-04   1.1455550e-03   6.4244456e-04   6.2682857e-04   4.3697946e-04   1.8828111e-04   6.3540327e-04   4.4522047e-04   1.2961551e-03   2.2084367e-04   2.2851288e-03   1.5937591e-04   4.1495426e-04   1.5980981e-04   1.3480148e-03   7.5430884e-03   8.6416173e-04   4.6211659e-04   3.1325903e-03   1.4511409e-03   1.3395160e-03   4.1148003e-04   9.4394370e-04   8.9782028e-04   9.4640859e-04   9.1412537e-04   4.1916694e-01   1.2049593e-01   1.0000000e+00
   4.1297493e-01   5.4637233e-04   4.5951515e-04   2.5248027e-03   1.0388404e-03   6.3067136e-03   5.8558287e-04   4.4871447e-04   2.5395896e-04   7.8405250e-04   2.7533979e-04   8.2884936e-04   9.3204110e-04   1.4166152e-04   4.9757621e-04   5.1557616e-04   1.1736620e-03   6.1141091e-04   2.6438462e-03   2.3586846e-02   4.7530865e-04   3.1580959e-04   1.2161741e-02   2.6586265e-03   1.2848121e-03   2.8251086e-04   5.2335838e-04   3.2699515e-04   1.4839223e-03   4.7735064e-04   4.1297493e-01   2.0315330e-01   1.0000000e+00
   4.1346654e-01   6.1695756e-04   2.5017200e-04   6.6034548e-04   5.6384027e-04   5.3576878e-03   1.2390351e-04   6.2119149e-05   1.3752900e-04   4.9384730e-04   7.4926571e-05   6.2116527e-04   9.3145760e-04   1.1867724e-04   9.5926539e-05   4.0587307e-04   8.2079433e-04   1.8475710e-04   6.8769524e-04   7.6894040e-05   2.0116670e-04   3.5442139e-04   3.8904189e-03   1.4222258e-03   6.7305190e-04   1.5899813e-04   1.8565151e-04   2.4568391e-04   1.4338929e-03   6.4932530e-04   4.1346654e-01   1.9049478e-01   1.0000000e+00
   4.1464165e-01   1.0623650e-03   5.7414755e-04   5.5441054e-04   1.3864931e-03   9.5791834e-03   3.5576967e-04   1.0001095e-03   1.8882314e-04   9.1061644e-04   8.7005883e-04   1.0222577e-03   3.5852106e-03   3.7576711e-04   3.3054299e-03   4.6503731e-04   1.6225955e-03   7.2540895e-04   8.2889191e-04   2.2549133e-02   2.6848154e-03   1.0816311e-03   3.5238032e-02   4.2033149e-03   1.8951281e-03   2.9207444e-04   1.4524572e-03   1.0259086e-03   1.7061380e-03   9.5075225e-04   4.1464165e-01   1.8752935e-01   1.0000000e+00
   1.7301059e-02   8.6526084e-05   1.7424351e-04   6.9157382e-04   1.7767688e-04   1.8396843e-03   3.0550815e-05   5.7861702e-05   3.6589667e-04   2.6451195e-05   2.8178413e-04   1.3486745e-04   4.8818239e-04   4.8538451e-05   8.3810555e-04   1.4183973e-04   4.4782907e-04   1.0518693e-04   5.0711508e-04   8.1967874e-04   6.4751895e-04   6.2563164e-04   1.7611056e-03   1.3194806e-04   9.3931379e-04   1.6965596e-04   2.8036676e-04   1.1697896e-04   3.7949568e-05   1.2087989e-04   1.7301059e-02   8.5979873e-01   1.0000000e+00
